127581333225416269591535830360 -194659320611629587313159245
263851231977015621327684589 219511610716687117751789830601
310322674022041211402625816696 5271150971817717228213608551
215172442910372194692552323024 132752141334620465824829105
48736060459310282427843 3071727013118613346295197216
1638717431185301135716667109 386232522023263075306706
183211033793224182148902771 106512699110779106412482027369
214023293291217877980615686 223694985247627012986327287
1555130791150523027283709699 25811276633095024236278166201
682313040160101760792611362 13425160343191186373026418945
17830280742584612407316063300 -20619287206690265221112928792
28504189651253424444437820634 12607750911447190903076622594
168902276052715925784119379 29360265141179278969524371
289992237022328275671307419589 30599322201958352802183526770
34779715686817842774726623 13231113672754315339172717340
3000125638324931742338303918 6987326922740126411839016284
32759240182603512071798523246 291791813620416231672203411097
16692136964660321912735713875 302882701107026562383414592
3167930750751626114323423031 9612640238649799301169570
930115092743828119742515877 5022236332928290213094915569
36373187972351636401829095 49572148527603305413163123078
76763741142113248228791197 1101130101155714910268911301
787329775208323202585728126 43313621205360641509615285
5492249002761422111150026819 11406618328131162227513130
1189111211344710438280515105 22459266522519329987277197253
8558442718286190112834225719 23574922521356134392989413790
101081738411009204932548711272 26835210562028488111040915359
2444411638264709844228793146 3192229293326219951986132180343895754675348464367478584
155375026339813929115423199 6171522198510467300959697
23449239727259169732304217235 313682632444064043122931
22797229243124515342444318951 62812687920573107452462324027
1950222549322261431976121341 -380912714192021352225860767283873746536532723452347846744554
7981156921942915015241759188 32330305156873206561049624069
171004071249461722768170 27258310822448816562152229714
30932847832159326241170023215 29590132582128548943257625637
289991212714804114361540514720 2104222924124124019959127971
139271723117870235791319217204 2548184331029017390195683899
91101516430040161036677057 1688827084207131247532505916
15984122261697212958602632275 966428931474229661405219704
2000676123245720645376316789 -2556217802881610945344319456
197413651323832332310112608 20960395718029023189335952
42952020626486274742562126296 271871800778691051315325237
17344296581866814594318824485 897528532286521727330753430
3627200243141061022441922463 -158301062010872170701324920952
21261757631380146751414115357 275111441017087218281685902
21356276012491438871514513438 140502917845081456914306208
299232586630359326011702924473 608814185237202677272951762
2035725158218122644227418353 10647161919502189251418332184
22330315567072313731163813980 1707716442227701405520703892884444444444444444474563535475647575454
22330315567072313731163813980 22330315567072313731163813980
123 456
9348346734 -9348734573438534
0 0
