22964
4880
6144
5589
22363
32487
11349
16007
25715
6490
4623
32606
6170
14108
15592
26559
17525
8398
21959
13440
19538
8727
23946
30621
31756
3830
27907
26669
27055
13143
13888
28308
8285
24805
11024
16633
6897
3872
27842
9211
20961
16815
26928
9119
24681
10487
18685
22669
1254
12524
4890
3453
128
29223
10639
22764
6667
14650
888
32531
18479
6208
18509
12313
18119
14008
12391
30344
7048
21395
20160
27134
19939
11659
10235
31269
22060
17847
15012
26084
2043
12380
23736
13015
31699
26631
4712
14589
15361
22232
16922
5809
14535
2593
27057
8412
18362
17456
14606
9064
46350
65535
