263684130

11909640

18877440

15621255

250063066

527718828

64405575

128120028

330643470

21063295

10688376

531591921

19037535

99524886

121563028

352703520

153571575

35267401

241109820

90323520

190876491

38084628

286717431

468838131

504237646

7336365

389414278

355631115

366000040

86375796

96445216

400685586

34324755

307656415

60769800

138336661

23787753

7498128

387602403

42425866

219692241

141380520

362572056

41582640

304588221

54993828

174573955

256953115

786885

78431550

11958495

5963331

8256

427006476

56599480

259111230

22227778

107318575

394716

529149246

170745960

19272736

171300795

75811141

164158140

98119036

76774636

460394340

24840676

228883710

203222880

368140545

198791830

67971970

52382730

488890815

243332830

159266628

112687578

340200570

2087946

76638390

281710716

84701620

502429150

354618396

11103828

106426755

117987841

247142028

143185503

16875145

105640380

3363121

366054153

35385078

168590703

152364696

106674921

41082580

1074184425

2147450880

