4762
2276
2248
1208
2662
47
2463
3820
1307
255
4433
4002
2544
3174
260
203
477
1238
3964
546
2497
207
1850
379
572
2426
3476
272
1068
703
3452
1026
2885
1911
1949
3084
2761
94
2029
184
980
1524
3461
3171
528
768
1044
3085
750
1291
685
199
2161
3018
1550
1500
1383
1123
2690
778
493
793
1391
908
1851
2272
2513
1398
4234
394
3065
3522
647
324
790
4138
2173
740
762
2182
2401
4487
363
984
118
1455
1513
1662
1011
1997
854
1693
538
1494
1648
2034
1019
288
4078
85
1765
458
4811
3271
2628
2638
2498
1006
2829
1816
3581
656
79
654
2733
2404
2860
1286
4138
499
1948
1567
1552
2284
2331
4301
2165
1683
2479
1844
2029
1341
662
3356
3406
1829
1969
171
4309
142
4222
2719
1475
2331
1347
623
1522
1422
4006
938
406
1452
1169
3910
2148
3157
788
1772
243
982
2247
303
1010
131
1459
2198
1775
3082
1506
1942
211
1890
1629
193
3831
357
2156
1784
1469
2063
508
892
3643
58
4610
2922
1857
2048
2416
2224
915
440
24
1228
2067
183
3113
3120
1173
1849
177
3732
3613
425
473
199
823
1574
1246
943
1432
1220
855
465
2139
1587
302
226
2984
3504
524
3095
3291
618
813
838
2256
183
2103
86
2756
4359
3742
3811
716
2011
2791
1834
2319
1270
1806
2797
2865
175
449
2225
1586
2416
3348
2058
649
1421
3765
2117
591
243
45
1055
3022
2341
3640
851
1931
2349
4791
2921
2948
309
3045
472
274
894
245
570
1724
298
4890
924
3441
1249
85
1107
43
139
594
1373
1255
3271
2224
2615
1969
1447
1510
2751
3023
1612
528
677
1352
1634
232
1070
2337
2211
924
213
2922
2198
3296
1802
3089
1991
2702
3922
126
1471
2751
4508
4374
3059
451
485
1298
1241
775
4333
2396
896
2063
549
751
3097
1477
443
926
3502
646
1229
410
3742
751
1899
1796
86
1524
960
1801
544
3211
638
3234
1203
4630
2929
1609
2595
3757
639
2451
1107
1393
2016
2318
824
4825
1003
2135
1482
656
2686
1238
2457
1502
1989
894
4201
538
3104
854
3267
2778
2307
2264
2833
1143
3174
66
4749
1057
416
1770
1673
1181
2571
1197
2307
4300
961
2732
4508
2705
118
2791
680
2189
2402
2532
322
676
1410
2081
600
612
4224
1326
2776
1196
3191
2550
1686
2593
1981
2297
813
1057
573
3103
3461
1274
825
3343
74
2048
1650
1473
1927
456
572
2612
3476
378
2992
863
2946
585
1817
4212
750
676
2231
1991
2761
2759
1463
1030
304
2844
1400
2621
640
2460
4554
2467
2222
2232
2395
2676
185
1006
2167
1960
2700
4344
1202
1762
4300
2037
926
337
2354
1921
524
879
711
4654
934
2571
3156
1989
953
914
1023
150
997
55
4739
695
2386
1421
2702
3820
1459
1463
1793
31
266
819
666
245
1445
944
67
3603
144
693
1692
1304
397
366
1232
807
981
4914
2482
2761
1030
737
882
2367
3070
806
1388
232
1281
185
3967
476
3683
2248
3213
3216
2733
3976
2730
773
2053
1934
3064
986
662
2902
2788
1470
146
2231
2506
4281
362
1342
4868
1467
487
1896
1077
1578
2394
4640
3668
606
4124
824
227
2890
1009
2871
613
487
3082
1424
2067
828
2035
1289
1369
782
2203
67
2885
4268
543
1198
1408
2057
1588
1339
3861
3492
562
4411
453
2992
1684
228
3014
3018
1073
1555
1007
195
1445
2023
1103
2164
2679
3108
440
2439
360
718
317
3125
3510
249
3290
1178
410
3078
2663
816
1718
264
4251
171
3122
396
381
1793
1864
3421
3082
2519
1969
4692
3844
1601
3122
349
2258
2484
968
94
4301
4500
1452
2455
1673
4345
1383
4518
1802
3243
3934
1228
502
1917
2288
448
2420
1633
3957
152
2320
1303
2873
77
725
1118
2647
3062
55
396
4610
269
251
2714
1549
744
3754
1734
982
700
379
529
2383
1047
4822
4392
1307
28
3508
1241
3622
1435
1530
1373
924
1051
228
269
3889
2868
1070
1213
1694
362
1036
638
1620
676
4029
154
3645
2465
1657
960
1108
765
687
1729
2720
221
2250
348
1493
2117
2288
2687
192
2770
85
2443
1381
785
3718
3838
1832
3427
167
1319
1059
287
84
51
4739
1229
1502
2171
4226
3509
4268
469
1851
2779
765
3695
1284
1962
2498
611
1802
426
4350
3658
1039
2710
4029
46
997
1335
631
4478
3396
3613
715
185
1895
2416
2335
1890
2338
2516
1481
467
2346
2235
1593
2179
3076
3451
1720
2333
434
456
3768
973
1323
460
336
3654
2120
2362
889
660
3986
2513
3967
2839
4735
2708
2847
369
1306
1156
2709
852
3147
1737
114
203
726
146
1032
4338
987
2241
4083
1690
2949
2875
2953
760
2658
2553
677
2770
287
2020
1379
130
1173
1061
1907
827
309
2229
1287
548
1186
2015
2623
1401
1904
877
734
1351
140
2530
272
1028
1406
1459
3461
1478
2363
1023
102
851
1046
2179
2074
1323
4274
2958
4498
1816
2138
2635
1564
3538
742
1458
929
1950
620
3736
28
4548
3967
2961
2356
3390
4508
2627
2100
4453
3829
1339
1300
364
4735
3213
4006
2893
1565
1719
1338
94
2663
4439
924
993
1609
828
3174
940
295
4249
2189
4749
894
1662
2946
1120
2838
2312
1076
3079
403
1998
2465
715
213
2032
4005
909
1549
1779
1581
1274
3695
667
1487
2655
539
851
704
2322
1755
1806
3890
357
3333
3065
602
1964
322
193
1076
1173
703
2400
559
28
1213
3408
3624
1590
2803
2728
544
993
23
2335
1259
299
2644
4102
2138
4370
913
177
264
3768
1594
1142
3340
1109
3680
1122
3028
1916
2719
3908
1572
1750
3932
3049
42
3054
1637
832
521
3615
2658
166
3918
99
762
423
1674
3851
753
883
1568
1799
3869
1669
1813
3280
381
3765
748
2876
1684
3028
546
472
785
256
2023
774
4006
656
2848
519
3489
925
366
4029
3446
1995
973
1359
2143
641
1284
496
2762
3193
162
4233
1640
671
2903
4914
3058
3088
1335
1555
179
1995
2011
167
1858
2342
1089
314
1235
558
1424
4020
1203
1193
1979
2506
590
3555
1801
2586
268
394
2435
855
3461
1487
2120
1196
459
289
396
396
1323
2044
3549
1692
213
62
836
3266
1173
1035
3147
1669
761
233
3095
2044
1729
875
2069
1142
1771
708
236
1452
1281
2580
4934
1624
924
3193
3613
2732
1827
429
215
584
4262
3086
197
611
553
1398
4693
2232
828
1401
2746
1662
531
3759
2567
960
1459
405
1878
170
1524
761
337
1241
2971
1969
3603
3470
632
1982
417
4019
3981
400
2965
3441
1430
167
184
325
3915
3410
1866
232
498
2482
1684
3745
1831
2380
503
295
1210
3572
1416
1412
3287
4475
2306
2086
1827
325
438
407
1962
1595
1318
4480
1303
801
3196
487
3174
1067
3080
1905
230
2737
2135
3683
789
708
978
3244
667
1768
971
3976
372
3446
58
811
2103
892
677
1342
2225
2086
142
882
2756
1474
572
980
4888
600
465
197
287
2250
3889
3377
1568
495
2355
1346
4098
2719
1834
3492
2488
1321
1896
519
2597
1173
3861
2230
545
2303
1193
763
1281
1601
548
1470
2154
1127
402
451
287
3759
2893
2011
487
1287
3244
125
130
1658
594
2158
639
3203
3408
1650
2597
373
2497
1581
1632
1637
901
2588
2451
1054
347
1690
544
1397
2574
2744
2664
2070
4267
98
489
938
2456
1185
166
587
1471
251
5063
1181
74
527
1736
810
1633
1926
2224
2329
1571
226
1851
1026
798
430
2570
2493
123
2139
3407
1521
3934
3928
4016
2076
218
1291
1496
240
2269
708
1326
1222
436
358
1588
3682
879
1349
1568
725
2101
2960
1880
2359
913
3313
468
1927
375
1878
490
1909
3848
2668
5033
532
3311
3290
2945
340
484
1532
3255
322
1281
840
3441
344
2520
3668
2889
368
795
3678
3719
107
73
45
3309
603
1622
773
563
3624
1447
3524
4060
1456
3410
3088
1769
97
175
3645
1228
2425
2725
855
3767
1229
511
1279
1106
3794
2659
2618
425
1709
2899
429
908
387
175
89
457
3097
3263
3259
2086
707
2679
728
897
741
3432
2427
2604
4029
3025
1942
2412
2825
625
2804
793
1963
2663
785
519
1219
665
2679
557
456
449
3116
1525
544
3627
2594
647
2680
2493
2518
851
171
143
947
1185
1549
1544
1921
1669
2921
2973
4125
3441
1452
1754
538
2303
1048
760
4627
253
2263
3316
1571
1174
2006
624
1173
629
1199
2250
943
3239
2999
529
2369
3064
828
1447
1322
2927
2399
453
110
2236
88
2620
1307
1574
2200
3695
1020
2597
3282
1156
3452
1802
2333
461
3027
1687
1069
864
1108
60
1734
294
209
3310
3065
273
833
1262
3759
1524
788
4125
737
3495
3997
3635
2833
1507
4791
980
2003
1998
2638
2432
2266
1637
1135
2049
3479
1099
167
715
344
1679
3138
2238
2331
2174
3142
2664
1555
2679
1678
1138
2189
3008
1053
355
2067
280
1549
1433
4604
203
1286
3390
412
280
1304
3352
937
1827
742
830
262
1332
1198
28
1436
3200
3227
4231
4619
1449
662
402
788
2603
2304
2127
1124
380
783
65
2774
3680
3150
624
1979
943
3408
243
699
362
826
579
687
816
2170
97
3759
269
4717
126
1594
1445
313
1110
3370
1939
9
3774
3547
1212
166
131
4963
746
2660
3736
4046
285
1244
1498
489
1102
1202
1532
4322
1204
773
1053
4610
2752
1463
3317
1071
2167
2518
214
3899
644
1149
711
133
313
1129
1605
2871
1819
167
1378
313
201
3855
1107
3599
713
4406
2165
545
3246
1737
276
1482
557
936
105
2154
3581
1326
2138
2790
3775
501
46
4248
1434
2617
1818
237
441
3341
2982
2233
677
1723
2899
185
587
179
174
1471
1546
279
1976
2053
302
922
748
1185
2373
847
3305
4781
3949
1897
260
3004
2890
688
685
4274
1383
1239
1421
532
1386
1618
2211
185
1772
2542
885
304
2602
1131
277
416
763
5065
143
2114
1278
1378
2852
851
3549
1012
253
995
1052
1303
3855
2671
198
2035
1279
1189
1338
3290
499
1332
2941
1891
1662
139
1765
149
345
1035
1200
42
453
724
396
256
2086
794
1624
3637
839
3531
3694
771
457
2019
1645
4094
2427
189
3155
1016
172
1118
1220
1121
3207
1416
1568
1510
1322
1221
1284
3104
2426
544
405
1687
2207
336
130
1079
3184
842
2145
2881
154
1068
1779
1928
175
302
1346
1424
3363
143
1676
4301
1035
1943
4340
3377
1378
453
685
836
255
1208
3522
4406
3479
2663
73
3199
311
918
171
909
2092
2620
680
4729
3949
854
2757
1099
162
284
4913
1624
2913
1296
2170
2248
1341
4203
2100
851
899
1458
1189
639
2532
1869
424
2480
1003
549
1096
2839
2117
1737
2099
2923
524
909
538
543
691
842
2119
1629
1164
125
707
260
268
2402
3964
2395
189
4227
3139
879
4125
741
1887
1662
819
379
949
4098
68
900
367
1838
788
1546
1335
1372
85
1507
327
1120
3680
2369
208
189
4138
2132
4835
914
1870
206
1412
533
4729
284
477
2465
978
3576
2399
1288
698
2306
1573
304
1227
2770
3211
3418
300
1016
604
1804
541
1447
1789
739
967
102
2693
275
2068
609
2371
1241
896
3340
34
1572
489
995
1270
2182
1808
4262
1845
266
4270
313
1540
1075
1694
1412
2086
783
2539
2501
1129
2425
2700
1013
1102
3571
152
2459
546
58
932
2693
3012
2374
882
3305
3137
2248
1850
3151
2443
676
557
3216
2497
1730
88
1637
3082
4508
3207
88
288
755
247
2069
3113
4478
1869
3742
2842
2790
3536
532
3742
558
2561
2416
2537
1607
3832
2625
855
2067
3273
302
2581
4455
1742
1401
1014
2530
2619
1082
676
1082
693
1087
130
3765
677
1552
2012
1559
2550
3787
4005
116
313
1197
558
1410
379
1019
5063
3704
2833
328
2099
558
1554
4555
3417
1949
501
4452
1445
459
1019
1880
600
2646
3734
72
1651
2569
4604
1629
1477
792
2158
111
4083
468
2136
2300
1156
4173
400
282
1827
1071
125
3482
2532
1974
2179
984
2497
3855
1518
986
3448
1677
2999
215
2750
2655
961
4323
699
1199
1960
2207
1832
1460
1344
2426
1156
1250
2775
2504
2280
3735
644
2445
1197
229
2758
600
3394
1300
1648
1103
604
1907
761
1209
2513
2762
226
793
3704
3039
4413
2455
1375
822
1368
3991
1968
4301
2595
1706
902
2746
1048
2139
5010
2233
4519
240
1238
2204
1739
2791
285
472
1780
4476
3733
1057
1555
188
2322
448
1350
2303
2162
2946
2408
2690
2035
3072
669
4108
3272
1469
596
3366
2951
263
346
816
639
1796
808
374
1784
3741
1369
1611
105
570
3832
2708
199
1520
232
2001
459
1023
2709
1911
4420
1768
3814
199
895
627
82
104
3227
1307
1406
581
356
3831
4135
1912
4043
1640
564
4383
23
3287
2053
816
2232
813
1981
1327
512
4222
961
1491
128
96
3444
4082
657
2145
423
1069
2535
2603
727
3018
2865
4199
313
934
1658
2732
3321
2162
3272
128
641
3410
1227
892
336
2284
285
1165
1849
618
2616
1077
1010
3162
3280
199
1961
856
1146
4179
3394
566
2668
885
235
2297
898
1527
2322
4629
2647
1701
1452
1768
1236
1720
1960
362
782
639
1601
2093
1897
935
785
70
380
553
1778
1246
2160
4374
210
1130
2861
2702
1988
2166
1292
260
3470
581
1082
906
47
839
260
2893
217
2241
2329
62
1631
1439
3450
4212
1211
4138
4406
448
282
1104
1281
1762
2111
1633
725
497
1147
2335
1116
1837
2106
2044
1507
1986
1341
3039
2040
3680
2598
3069
1653
1861
2394
499
440
3231
1494
2912
965
395
1522
3718
241
3950
1493
1421
2644
2978
302
1241
1222
1400
2079
73
1174
713
657
929
1388
1229
3750
2479
50
3085
1222
2426
70
3802
3373
2618
3357
799
56
3409
2443
1879
2953
2171
1919
379
1804
3461
680
4322
4508
1530
2328
2100
2829
1477
679
2481
86
400
272
978
1776
1420
980
1534
1430
3858
1408
2153
2805
2203
334
3150
1723
3855
2761
2305
1834
1014
1735
1111
832
4050
531
2099
1436
530
1284
2302
4199
1687
722
3930
1854
1501
2016
2825
583
807
486
947
1806
4914
1229
1612
623
680
3417
1011
2966
70
875
338
3495
1573
2493
284
1438
3348
1321
662
4029
1071
1673
2676
1282
3271
748
3637
259
4295
2516
42
197
585
855
810
1682
641
2687
3831
1328
1426
2610
1765
3736
2322
2730
987
4222
1420
1284
3207
703
2611
3943
2847
2053
545
4978
1842
1523
2532
1842
1106
3108
4198
230
1282
2063
2267
3668
979
2143
309
2331
1818
3240
3654
1332
1559
3799
293
380
2829
1245
1299
1632
1524
1298
1458
836
1919
2825
357
3645
3694
191
1318
2603
2566
524
56
1549
741
1486
670
3934
2416
470
1555
1576
4121
602
3018
1111
499
2153
2335
1522
501
89
1751
71
547
1193
1406
3231
972
3039
4388
774
2935
476
146
2566
1400
2416
2335
561
783
3046
1343
594
3645
1870
276
234
1378
1059
373
3036
405
94
2057
2710
1388
1669
2139
232
928
1229
3193
816
707
749
1580
679
3078
4199
1775
2591
956
3017
937
1718
4264
4222
412
1131
3849
1777
1521
1964
3216
2987
2923
1268
2498
2075
3537
1588
828
933
2664
1479
538
4458
1238
630
371
397
939
2223
1086
3316
294
3500
304
2193
4125
1117
2705
349
1763
3025
2293
2053
2756
2266
1035
1862
3583
4781
1187
3704
1299
175
4563
3654
3390
1350
1568
1096
185
3450
2098
3259
1744
1388
565
4519
2317
3586
1893
551
359
368
1521
3079
1998
1169
160
62
828
349
1895
807
3829
4543
3646
2338
1088
2921
19
2016
2513
1278
3711
4089
1211
2448
1735
3019
2790
2777
2574
901
187
3618
3135
151
280
3382
980
2329
2272
1026
847
789
3902
3186
171
2829
834
2822
1272
213
336
3537
305
1106
3509
2930
378
1453
1480
685
947
1067
3309
149
1685
1637
2599
1154
1083
2509
3872
1202
1036
251
1324
3310
2824
3899
3989
3151
2506
2510
2458
2627
2745
276
1895
1793
1203
1120
2791
2074
2280
3782
1056
1072
1262
497
3175
1071
3211
662
2595
3150
2899
546
2477
1603
2501
1379
868
133
748
1096
2016
591
1320
1909
1892
1575
1193
460
1142
1069
3065
368
31
359
3694
430
2597
505
696
3992
4458
1303
189
1469
2070
1197
3851
1507
2946
851
3942
2125
794
453
206
2196
3682
1380
410
2987
2236
2792
3009
3584
3413
1509
142
169
2042
1744
149
558
2751
213
1232
2037
2280
666
2181
23
491
1458
2193
894
4064
4171
2535
2247
1337
2553
460
394
1276
2756
3065
458
3613
51
1988
1791
854
2525
2588
894
600
2570
96
534
1110
722
469
2702
2349
3409
1648
900
842
2822
3231
1673
3418
915
899
2182
1316
1761
3645
1772
409
2497
4138
3682
1674
2042
2083
275
867
405
729
1400
3243
641
2270
51
4300
2944
226
1475
453
3216
499
836
3302
1517
1890
3989
977
2962
3238
996
1200
3453
2617
2463
2650
785
4729
1244
2727
2658
2548
737
1793
3581
2179
1507
1123
2250
1213
2518
1526
1339
1212
1657
357
480
2885
192
1350
1460
1686
2589
2104
555
4762
406
2267
559
175
4203
4043
2260
1251
2320
4693
1424
973
543
351
566
1213
3039
1581
1673
2099
1736
300
1102
387
1810
72
2021
3759
1951
2080
395
1603
294
811
1780
989
3453
3814
2816
1195
1039
1014
520
3334
2318
2893
2335
757
2012
1299
1611
349
3534
2396
179
1580
660
891
1197
4630
609
3814
1093
1454
4647
3940
428
707
3244
1255
3470
839
282
1810
4579
810
3167
1477
3774
2761
693
1808
4251
1315
562
3363
2034
2337
3374
1570
2410
94
3025
4605
253
1586
2842
3030
1875
665
436
24
1473
1470
143
388
925
2117
2745
574
2298
349
3319
2156
1406
3820
2443
883
212
217
1023
2042
172
228
3694
1175
1307
1013
1036
1185
1068
3210
2244
3000
912
55
2211
2702
371
2797
589
2525
2044
1886
2666
1868
2042
2275
3340
1208
230
4978
284
1502
840
2973
366
1813
1526
656
1779
1010
286
2539
2796
282
1299
894
1939
1595
3366
700
3341
1973
203
1844
1831
3812
4293
260
1650
949
2394
971
1281
1527
2574
2086
3216
1559
3039
326
1378
4374
1023
1175
4233
2289
1120
1588
127
2532
1518
3545
1332
1556
2406
1742
3680
442
2853
373
2960
1919
1479
277
1735
193
908
1227
3736
4359
1235
3583
1942
1010
135
340
1800
819
1697
287
45
1173
1825
114
669
2889
1850
2693
4867
5007
1889
1095
2175
1043
1469
1986
746
1337
847
1962
773
190
3157
3371
127
726
1475
3432
3210
1559
1173
3207
3239
645
4151
1117
1841
1092
2847
707
1332
2303
3294
4189
3754
1640
3391
900
144
986
3581
879
233
53
2362
204
337
2023
3278
542
964
2450
762
1055
711
1715
953
3342
3210
149
730
2079
1424
639
628
728
2910
3732
2346
2469
851
762
1639
4171
461
751
99
3509
502
1555
100
2509
77
52
1048
4934
371
4338
1791
167
163
2165
3610
3534
2644
477
1299
4040
2120
4888
2655
2535
2329
2451
1988
1879
58
4222
3020
3495
1595
876
2668
2912
1243
2053
1470
4277
944
351
3398
2408
638
2604
74
349
213
2751
545
69
2395
2860
508
921
909
2733
3023
1026
1339
834
1376
2497
4323
1241
472
1734
241
4647
2463
619
1541
755
1474
3932
810
969
1930
988
3673
642
2794
4041
847
4388
4040
1615
3088
2416
2980
502
401
2875
563
322
3217
2657
1432
842
3004
3553
3295
2550
1384
750
3495
776
855
1383
1868
268
4199
2666
3759
2481
4411
399
3943
523
2471
3493
1436
1504
4413
1170
708
400
1875
1311
1095
675
915
3562
2548
2416
3869
381
2475
2003
2618
753
733
737
1092
4050
558
149
3646
995
611
2329
2893
1465
1270
3503
1771
2394
696
355
1723
240
1872
1931
517
285
900
1524
2525
3768
3370
1737
3549
191
3524
1471
1222
670
3863
3918
1242
3505
1835
730
615
1092
227
1168
3553
142
3482
2658
613
1872
1680
713
1685
101
1899
1120
13
3320
3366
412
94
2401
924
4149
261
652
2850
1492
1210
718
827
1998
3566
1340
144
294
1827
2049
4100
1587
2762
4739
1655
1327
2309
162
525
1962
1998
287
2359
448
2093
1667
1338
2380
2000
276
898
3576
591
3757
1502
2353
1842
680
1576
3207
286
1077
1246
1905
4155
227
1228
2847
454
469
2369
841
1704
99
2806
542
303
1901
3519
4695
2189
1317
1691
1043
287
1010
409
4210
279
795
1621
2150
3030
132
372
711
2335
2006
1893
1359
558
4411
792
623
1286
98
1687
105
154
4006
900
525
3213
1186
1501
1609
1213
2439
2922
2899
2850
3965
293
126
631
72
1950
2238
312
774
1851
883
448
3889
499
600
2498
1418
402
4439
993
1198
1090
1269
1919
600
282
2710
1284
452
1507
4189
1043
1026
112
4196
320
1307
1392
3272
4098
1662
1197
3495
1546
4199
1047
924
4455
2074
2540
1534
2885
2037
1779
2833
839
728
4507
2759
1674
1111
676
2631
2762
677
2021
2843
260
4518
867
211
1360
2319
3184
2616
1149
838
1236
748
167
461
2337
2231
2098
598
2291
55
4548
2993
444
3726
1337
3678
3242
1106
3532
1584
2295
2420
2306
1708
1164
340
174
1031
4507
1765
1526
661
203
1171
210
990
3373
413
4411
1106
3280
688
2080
2275
1858
1014
693
1199
137
1026
1035
1471
2178
2710
1480
162
2231
2895
4717
469
934
4779
175
1616
72
1852
1312
640
2860
2395
2021
1988
210
847
1447
1886
281
3532
713
646
2284
2163
677
468
2333
4212
955
1010
132
378
3549
148
555
3252
609
1156
1555
3957
379
3356
563
935
63
975
2003
2447
1673
1154
528
1998
2443
3680
2356
511
2591
3427
3035
558
1753
509
2087
1022
1010
2193
654
1997
2714
4958
362
851
2732
2657
2358
2751
3114
2964
4793
1799
935
2125
3020
881
502
516
2732
1016
741
2333
3088
1463
2300
4149
2875
1014
1566
91
1120
2469
2139
2947
4888
337
3769
2417
982
3371
2173
680
4934
2050
640
3452
579
656
443
3899
4116
4604
2779
2635
1998
3079
1478
2562
4138
632
488
3079
4222
2617
2711
1160
908
3155
2642
3366
3964
365
3957
989
1661
88
3495
714
876
2081
602
2899
2839
952
831
3930
1507
1814
263
697
2087
2550
183
183
2480
469
1208
1341
1771
3027
4406
3618
2951
3146
3365
925
775
141
2933
2032
2665
2297
1635
1941
1202
241
1941
72
315
3922
2676
710
1459
1411
4108
561
3340
2792
3388
3532
4262
1022
2457
2000
130
485
475
3221
2798
1128
199
790
2871
3046
1737
511
313
742
1652
3192
4629
368
1892
187
1170
2459
3524
1065
3694
824
1174
295
2509
47
680
2445
1601
3011
2627
2935
1266
4047
1715
2639
1243
2160
428
545
3092
1515
600
273
234
1834
1360
1185
691
1831
476
2448
4560
3148
1433
566
780
216
1974
2174
1579
2186
308
3750
3607
2164
3340
728
423
3407
1270
2838
2312
2592
378
2873
2972
2790
1164
2248
652
2842
1307
2852
2069
4046
1601
49
141
799
741
208
639
1219
1463
413
2160
24
326
1321
2431
2353
918
2401
2850
2981
2931
237
1351
785
2451
2619
410
914
2945
227
39
2724
4461
2359
428
3150
645
3814
1555
760
3011
2525
1562
1129
2358
2074
240
4248
2930
169
969
1039
4051
1687
3086
3343
41
2619
63
4579
1890
1181
1601
3155
3804
42
2839
2709
1294
417
341
368
1991
1573
3295
3088
2114
143
3356
3989
233
804
2097
2702
876
400
2999
123
2822
986
1690
4151
3051
1602
701
2421
1887
163
3407
1393
2173
197
2617
4822
1333
599
2885
256
3174
2804
2471
142
1392
2065
591
2892
4411
1835
1229
631
1763
1406
840
632
788
1372
3271
132
3062
1388
1410
1077
2822
1300
1099
4791
141
2761
1459
167
3869
211
1299
3741
477
2445
1914
2211
1213
326
3241
1635
1887
2120
3581
175
561
4604
1895
1963
91
1044
1294
1772
597
666
3343
2691
4881
1402
2576
877
2241
2044
4359
1960
114
598
1401
2816
91
4072
2322
1281
1360
3615
1918
2816
1989
4697
2596
32
2186
2677
1616
3950
1831
1912
481
878
1292
2899
3855
4498
3976
23
127
2177
3720
327
1739
530
2039
1579
453
167
3114
565
3193
69
272
4881
331
546
2459
4530
409
99
909
3470
4098
703
1122
1241
3030
665
2879
666
4868
1014
4913
1801
890
1445
4420
1637
1123
185
3151
395
1686
343
2981
1039
2833
789
1109
210
3356
441
281
851
371
4420
2938
2451
1439
472
838
260
221
3441
266
714
162
3482
1489
4650
3645
1142
2790
1781
1924
553
1164
3127
1059
1065
457
1474
1507
669
4203
1056
3320
2091
42
449
200
2631
664
2677
3645
2329
1392
3576
918
1432
565
477
477
27
523
3509
1186
713
1521
55
1655
205
2416
401
2263
1013
2456
615
707
1125
1197
3320
143
1509
227
3485
1356
3238
219
1453
1616
1470
856
2322
856
3231
2843
722
3613
568
2477
1172
1581
3810
362
566
417
262
2162
1995
2356
2170
2040
1858
1250
270
95
2092
1065
1129
1981
1742
2284
1620
2263
1540
2297
4222
834
2679
260
773
190
2011
3816
284
456
2993
2306
1736
2612
1966
544
2583
2154
1903
4433
442
3858
2164
2080
133
1202
863
1108
1962
901
3849
2974
924
243
1039
3861
920
3422
1138
3928
2591
371
3137
969
1002
3742
1657
3244
2612
469
762
1426
2528
2504
576
1626
1323
298
2194
4210
3997
1327
2797
628
3113
1039
671
3741
1155
1635
188
2376
2328
640
2566
4692
1278
2873
380
3146
2233
2471
2709
1356
471
984
1579
1793
2727
3918
1914
3976
1542
1845
192
3255
2284
46
540
2885
2310
4074
1677
2008
4082
3025
2621
250
1068
3812
4210
600
1568
3266
2396
1690
1687
1043
2779
1808
3613
2847
2611
3374
3257
4295
2944
3552
378
982
444
2728
3030
1388
2086
2412
940
2728
1261
193
189
743
4419
2020
2354
1181
3855
832
3613
234
2320
600
4301
607
482
1424
1513
2530
3537
2537
2431
3487
828
570
1197
3901
851
1555
1567
92
1208
2885
1779
2419
1673
3750
1232
2794
426
4047
3957
1643
3390
1658
2635
199
4196
77
4881
1772
2271
1729
214
2139
810
887
554
677
352
1138
2309
618
3012
1984
2575
2035
2341
124
1240
1255
2709
2048
4078
3552
589
1552
2388
1793
192
281
641
475
561
3928
516
3641
2085
4463
3352
1220
1307
199
1673
810
2719
1296
2000
645
1146
329
1464
2658
662
2516
1616
162
1181
1891
1844
272
1326
4651
351
613
672
3242
1552
441
762
144
2885
2664
73
1554
3613
3156
4978
2055
1397
982
628
651
331
1991
2092
4078
1032
2972
1131
1657
1152
2511
2869
295
3992
918
3453
2000
2280
1637
1828
447
696
855
1694
1784
1541
711
711
403
798
227
421
519
1076
4455
2745
2263
838
450
1278
2177
359
2369
250
1578
318
1213
1155
1456
183
2424
521
742
1422
2189
1110
3581
2700
2268
1808
2127
3122
339
3940
1447
2120
737
1181
3318
2406
3291
253
1692
3114
413
357
1678
1429
608
717
175
272
1863
2194
3489
295
2493
77
2922
4552
1612
266
1816
3741
2033
1474
1125
3734
347
1011
66
1963
2480
1984
855
2613
935
2516
1061
1421
4455
701
44
3004
4518
2451
2745
3735
3357
2958
206
2893
2329
3313
1815
1311
2856
1548
124
2875
3735
4171
763
2806
4549
1392
391
34
3294
3628
2224
2532
2163
655
3193
5033
2659
451
2856
762
3272
2876
2567
1652
298
1429
392
1219
2179
2751
1736
3408
665
1411
1738
1369
1905
1068
1110
4281
997
1430
3138
1765
774
1581
1274
4640
3901
4098
4068
4043
1398
2924
2104
1057
1768
1593
776
3467
2320
979
1734
951
2658
2103
3082
392
1735
1327
2015
2460
530
1247
3572
3624
4560
4301
2252
2164
1895
1869
2871
754
1393
1483
3971
1878
3930
2205
704
450
4419
934
795
1673
1203
2165
529
923
2616
1662
575
392
1706
628
1208
2806
234
672
1156
3804
894
1768
2029
783
77
2456
3814
1901
310
726
1406
507
2833
430
1926
3028
3408
3862
2331
2384
734
788
3757
829
2972
696
760
2042
229
1231
2397
2322
3754
498
1572
1096
2276
2592
3000
1571
1113
1070
2416
2235
3296
2186
3114
632
666
2349
428
1524
1266
851
4159
1571
1463
2416
2328
1690
622
91
559
4159
628
994
1422
1564
559
3216
4173
1460
2687
1742
97
1406
198
472
2865
2966
3108
2856
382
577
2012
528
990
915
457
1327
4212
2016
987
4064
229
530
1637
3408
2540
281
367
380
4619
295
1883
1498
1345
1410
2173
3261
2369
996
186
243
624
2307
275
3078
128
1934
2270
3940
792
2510
1662
3802
1451
1227
1972
927
813
1213
4322
2177
276
359
779
260
3340
680
1351
2099
2445
2083
2155
1832
1002
613
911
3989
4455
1526
2125
214
1555
1469
696
3802
1373
1679
1525
1693
2377
1968
392
4585
1736
38
672
2229
4029
4530
167
45
2141
3246
1611
599
240
214
3354
884
1530
360
4060
4267
943
387
533
722
2362
2411
2272
612
2935
561
107
2384
3508
760
3812
3374
1521
2433
2616
2497
713
1439
615
440
249
2621
3482
71
3151
105
2506
2530
4198
748
1154
3252
324
1320
1899
2477
2651
2225
557
183
374
2235
1870
282
1991
4651
2044
2740
175
1261
1463
1921
3238
229
3290
4651
2136
3618
1516
1673
3610
424
2167
3294
440
1447
3470
688
3116
2258
309
1202
2083
640
251
472
1222
2166
1221
656
331
865
3289
1768
733
3487
2101
457
629
2947
1011
2354
782
598
1650
2719
2666
3949
547
566
2824
4548
2779
1671
3450
82
347
189
1477
2798
1780
1287
3417
1355
4333
379
929
2100
249
693
362
793
1592
4243
3020
1492
174
889
3155
2362
1648
1991
1053
977
1869
152
467
116
655
2457
1099
336
2063
1097
2550
1487
3898
3192
1242
4419
2320
1256
1177
2843
179
1373
213
1325
788
551
2727
2003
3718
497
730
620
619
639
2557
4301
2193
1154
941
1586
3467
733
1229
1996
420
1911
171
3253
1724
2369
1822
2497
1721
900
2769
600
2658
4083
570
2949
4179
1927
4679
2743
527
2225
1071
431
1220
251
3214
1321
922
3572
3537
2941
349
47
1099
1039
2797
2488
2241
862
2696
73
1231
1198
3482
400
736
2655
1653
1374
221
1849
774
1907
949
2946
1116
855
774
2359
2065
876
761
1816
3992
2195
877
2922
1498
1202
1601
1962
1438
338
4249
2498
1429
1736
2173
1507
2372
2194
1069
4006
1891
2499
2999
345
672
347
308
1634
4134
1612
2258
4413
770
693
921
1103
490
703
4793
1685
800
185
2497
1475
4419
2081
1507
4791
2029
2629
2732
4149
440
1955
3080
4578
821
127
4199
782
1023
836
1382
1914
2127
2664
461
806
4913
2391
3492
726
4231
230
2132
1836
70
1113
1010
596
1682
363
1054
4914
2553
4433
268
1914
2676
2779
524
2302
1780
892
1507
3680
3437
1568
2497
1901
707
1018
1720
2709
1779
664
2033
1540
3751
877
2842
877
2420
2003
1202
1009
208
237
1905
1927
1765
3680
600
2006
3694
1455
2591
118
3931
1426
810
2331
1039
844
4074
2833
3008
606
304
927
1555
952
281
329
55
882
357
2037
4267
2369
2399
1181
4400
639
3142
521
676
718
99
171
1555
925
1531
856
2612
3832
925
2382
2180
1139
273
2567
1657
2648
3092
547
1236
2891
2250
211
2746
448
674
4406
955
89
3678
4463
2571
3505
1432
2745
4300
358
3469
42
1360
66
214
2978
363
3058
203
2235
150
2042
4068
425
1208
2559
782
836
1802
360
2930
4835
2761
855
144
251
1298
3485
2644
1950
2203
2329
311
1671
921
1102
2188
2690
2247
851
685
3309
1723
97
1015
4693
1463
790
476
3879
1160
1566
3613
253
477
2522
4170
1802
1059
289
4693
839
1241
2686
2142
504
647
3156
1393
4100
2104
1421
3545
2934
876
1697
669
1778
1738
1637
1430
2054
335
2258
1020
1802
563
2953
992
1493
1324
2865
981
2498
544
2428
190
1069
2944
2567
1768
915
2839
887
4052
4356
170
1964
118
4149
2532
1255
2416
185
949
1540
2732
327
491
3641
810
1130
2258
521
883
820
4498
1639
785
840
877
2550
1467
521
1479
1369
359
821
3150
1966
167
2978
1122
1912
1271
1097
672
2006
1715
864
2809
670
1106
632
417
1429
3014
1124
1981
3640
1540
205
396
1037
350
841
508
1
229
4629
646
1995
851
491
55
3794
925
99
444
2542
1432
1013
519
4578
2751
3890
1410
277
423
1733
1868
1666
154
527
1676
4344
1504
2676
3669
417
697
696
641
512
1592
1911
1509
527
1683
724
1429
1088
4674
208
2244
3052
1471
1447
2612
1507
3342
1306
400
2395
251
75
1858
4749
1458
4203
1046
1973
236
1037
4356
245
2948
186
741
163
656
3162
1893
440
782
3814
2860
2647
3340
646
1211
717
1794
4277
1039
2174
1072
1043
2612
978
333
2938
2346
1160
3104
1658
2022
4552
1895
1254
1124
2195
1024
2591
2042
1110
1832
2847
2966
1401
1694
774
3082
1036
2299
1108
184
3295
2250
263
3899
3018
3814
1350
1968
3366
295
2070
2023
2532
235
1298
362
1492
1366
3540
1255
558
2958
588
149
1319
1319
1186
2550
1122
367
86
2372
1560
579
63
3070
4366
1872
3097
1523
4149
753
3054
2510
1433
392
1082
1923
3097
3804
1793
2941
2964
1047
1530
2861
2445
485
2371
2148
3157
250
2241
2666
1526
1602
472
1762
3770
2411
1164
309
546
1643
579
1586
1869
1363
4295
3065
1339
1586
1299
4791
4189
2318
820
295
253
1955
97
2599
382
484
867
1164
1802
1910
1383
305
762
949
1235
563
369
1648
1523
2302
2455
463
2472
1925
1103
1633
497
1943
3320
1342
4017
3884
1881
1742
881
2774
2809
115
769
960
235
1079
3976
1404
487
3489
47
4640
261
3448
3669
953
493
3905
3025
441
1373
1578
1318
2644
1013
2291
443
982
823
162
758
1661
2127
1244
1373
2663
761
2258
1124
357
3800
839
4480
2922
1299
2171
160
2099
95
1729
2166
1632
1359
3646
546
2163
1355
1288
1243
3113
879
4113
204
826
3684
2644
741
4074
622
2875
4151
3976
1635
769
1771
2109
611
1003
115
1082
1053
3832
94
1202
3035
819
214
3532
2232
4500
1247
2171
1920
353
4017
876
267
898
840
825
909
1230
239
2341
3747
890
1492
1645
3811
2829
86
1803
1296
495
1942
1278
3259
2086
835
405
3448
3619
1030
2552
1033
1402
250
3684
566
1113
2965
828
849
125
2145
2303
509
260
902
2953
253
1976
1702
993
1694
2818
1138
44
809
2493
1911
767
1071
755
2103
1274
1271
563
1380
760
511
2448
1525
2693
429
1440
3450
716
3871
2416
927
250
1440
3335
2035
2050
205
2408
4791
4548
1524
4210
1031
3540
1238
347
2662
3079
813
1706
591
2354
497
1586
2083
1502
1975
1700
3873
67
1349
2354
2369
1615
855
2788
1374
1826
2711
347
3943
640
2231
2974
1543
879
243
2138
424
1102
95
1213
359
2657
302
304
924
215
755
3343
2408
5077
1375
116
2777
1057
447
2842
1343
714
2587
3409
4277
1780
4134
994
2106
273
2337
3851
3122
4913
1724
2369
2945
1747
3273
1289
1991
1284
1284
251
4151
4095
4300
2354
169
3576
61
1886
976
4309
97
4498
262
782
2493
2871
3280
1005
2719
838
581
553
688
3216
2021
3078
2032
527
799
148
3200
32
524
87
358
4508
1003
2700
453
527
3151
1219
810
1113
938
3374
2567
2354
355
3348
1956
1013
2353
1030
1204
1171
2480
2960
885
3575
596
521
2528
493
2075
456
1228
2761
1671
262
4012
4555
1373
480
2665
399
976
3193
3989
3508
53
749
754
1378
471
412
887
1751
2631
2569
828
1549
1011
424
1522
2743
1071
4346
2021
2981
1895
3413
3316
2776
3229
388
2029
646
485
865
934
2804
493
1451
1605
1943
2730
1923
1981
895
2040
1564
3291
992
3943
3613
3036
309
1679
542
1609
1897
602
2740
396
1680
2852
417
273
475
367
2335
221
3829
996
2948
424
3461
1227
779
2000
3223
676
2677
3844
2063
2331
4100
1076
2644
86
357
1287
2138
3240
1946
895
124
1059
543
2576
343
3296
67
3219
2015
953
1852
855
1339
79
1490
3695
1232
1023
909
3680
3062
281
2520
1065
3366
986
357
1735
2921
1683
143
1834
899
365
730
3271
824
1243
519
187
2063
371
2805
1548
1930
1024
332
1869
3357
2673
3224
1816
1274
160
1753
711
495
2922
2497
2012
2032
570
3125
2957
70
2961
339
1077
2822
758
827
302
457
4550
524
3451
4082
2733
4739
1118
3922
960
4149
894
4463
1586
217
675
1763
1768
570
799
925
3017
2948
815
2520
2687
25
1526
25
3124
2676
2331
538
1728
1595
1429
2860
1507
2024
958
2382
3294
1338
2676
895
142
1281
3444
851
908
913
652
373
528
2710
171
2189
718
3503
1016
448
2396
2033
670
1964
2035
4330
1771
3643
1299
1853
1220
4489
2903
1229
733
2666
443
1603
4535
1890
2923
1098
3171
909
2843
3802
1259
2599
2070
554
2272
2493
2562
2642
742
270
2318
2431
2704
1579
3125
114
1975
3155
235
3219
1961
597
2207
359
1652
403
4647
82
228
498
4735
3050
77
2305
247
1449
171
993
2256
3683
558
2342
107
1273
2557
3884
583
226
3957
1204
656
1964
3448
911
1284
214
346
667
1156
2506
1286
779
1244
284
2076
1526
1287
2127
2066
1020
1402
1173
1398
1071
990
2946
1737
2160
2615
2381
1667
3863
579
3113
409
1690
2175
325
199
266
1576
2182
205
470
308
260
2375
1370
1231
831
710
143
3078
1842
1773
2595
2847
2769
2981
353
1280
1775
707
4064
380
421
591
2271
1858
708
994
771
144
721
2272
453
1629
3049
730
2530
1398
1623
338
1026
1607
1369
2851
4406
1526
3720
783
1737
3366
3333
3056
1794
532
1910
3678
2818
3238
849
440
472
3811
209
2568
1708
2424
4627
2623
72
1667
3991
281
782
402
1524
2958
1122
2663
1186
3252
1130
1430
489
2295
85
2918
284
622
3814
189
4420
1030
44
773
1152
55
1052
1824
375
1720
77
1799
2910
2268
2272
1262
2568
605
669
4040
2170
55
3343
2424
3432
883
2861
2164
1891
1755
201
523
875
1436
554
553
3890
3095
2204
1927
406
3304
2063
4142
1578
1114
2127
2245
167
42
133
1769
4199
4453
1917
226
2401
2949
1706
1187
4964
1834
142
204
3574
461
1720
328
676
1303
229
1478
3321
306
2020
71
391
1669
1769
234
2893
2011
2891
234
688
1178
3356
1178
1776
1249
1481
1666
843
2769
3522
96
780
1160
1149
466
1337
1853
2430
1054
629
882
558
2912
4151
1406
3522
713
1912
1773
1654
797
1853
2411
497
1827
1422
241
3680
2861
1720
2679
336
3114
607
3427
670
175
4311
2131
2714
2117
69
698
1430
2631
2264
2400
2570
1942
1278
2375
2850
3954
334
2875
1071
53
198
423
1767
1230
4149
1662
3072
1438
1065
1011
2887
737
1502
1011
3309
1181
4212
2134
3238
1700
472
1827
2514
2944
2490
2850
1118
2743
2354
461
664
900
2941
1719
2743
606
2948
3251
1909
1289
2770
2879
3999
416
3618
3211
2650
821
3240
1434
1966
1777
2200
3910
715
854
374
1099
2484
2827
2131
1778
1968
309
1303
737
4006
523
4455
2021
1022
1040
1683
4908
318
896
368
2822
1564
2562
4563
1150
1737
855
2591
1844
3210
3492
4480
851
1903
2680
1093
1502
2035
1189
1240
2867
573
2499
2666
986
2211
1531
2534
1117
281
2852
1822
1581
1684
2193
4978
1752
1869
477
2448
4301
2378
568
2733
797
1870
2510
1544
1138
460
2662
737
2982
4270
574
3142
496
119
1185
1050
3989
1246
1322
734
3555
3523
2263
899
3104
2299
2973
511
3607
2965
1344
3628
4041
486
563
3058
448
2625
544
1697
129
1763
1327
3586
1784
1729
2065
1287
1464
1852
972
591
1454
1828
1487
169
2513
4083
1386
2445
4330
2776
1842
4234
1944
3103
667
1220
2525
275
3304
1806
2664
1170
1737
604
287
3690
368
443
142
388
1477
1502
429
2431
2887
197
2139
1834
2136
1983
971
1989
834
1003
2347
1590
1954
4766
700
1693
449
1602
3342
1801
2380
3690
1154
2076
219
1858
3011
3942
2248
3838
1720
3113
2949
3954
361
455
887
3114
1629
611
943
1658
1009
160
801
1208
302
830
2098
347
2406
4958
1342
921
2662
882
1434
2028
3210
2162
3432
2467
2493
1889
2829
2786
2690
4550
2978
21
1011
1780
644
4243
2940
286
3341
128
251
1352
2891
2143
1966
2225
2383
453
517
3114
122
721
2851
2875
737
4779
685
465
877
524
1518
325
2833
2451
1784
1284
2162
793
4411
77
4348
2427
647
396
1788
71
1268
710
1996
701
66
4019
1039
2287
456
345
344
1509
3770
656
162
4098
943
2532
43
1910
1398
2937
1785
3500
253
2530
1051
2957
641
4964
394
2761
961
1121
1268
1901
553
3263
877
1815
1222
664
1673
1352
118
1010
1470
657
2595
1513
351
43
723
1350
1404
596
3504
1024
472
794
251
2382
1890
3092
3295
441
55
2374
2209
1262
2092
2709
3549
47
2914
4836
87
1372
2196
3069
286
4231
4245
2493
1565
2291
2397
649
2992
569
838
1271
795
711
499
1344
2022
1502
3441
2284
4292
968
499
1082
2415
189
23
3532
1380
63
1257
882
2493
523
1816
3172
823
3838
2677
1476
448
2822
1768
680
1024
1086
3794
704
1200
3718
1122
149
1342
2631
1373
3018
2708
2530
762
1398
937
1942
42
2390
3071
3495
2225
3797
1400
544
1202
3266
2513
696
823
2399
666
1497
2953
1129
2322
508
2488
1632
3615
651
2947
2875
276
2174
410
1448
1082
1023
2341
2349
729
4420
539
3940
868
980
449
228
1706
1422
701
2902
2875
3940
3450
2575
2680
3493
1776
1662
1574
902
4231
1067
2021
2842
2307
1181
2589
911
2459
4366
1493
2160
1173
849
470
3240
442
1047
4579
3452
5109
894
2349
597
2264
3080
3683
371
688
181
1983
1262
195
1164
982
1369
1185
1258
1671
2333
491
487
1844
1799
1241
2950
934
3246
1321
2493
3045
1460
655
2362
541
538
625
2135
3812
401
1656
842
2065
1680
346
542
2394
2175
42
782
128
351
3079
2015
454
3759
671
4578
3509
2015
429
1730
4277
834
2680
3461
1748
4168
679
1657
2710
2171
313
1055
2446
785
3875
2067
3417
454
2404
3470
2666
908
3668
2018
3309
2333
396
1136
4747
1607
1174
3450
1022
3957
2416
3155
671
3127
1424
1582
1609
277
1765
2106
136
2097
3901
4243
676
3586
1039
4505
1662
276
1287
1022
693
481
3950
1246
1067
1339
451
891
3742
3889
452
1679
3453
2015
749
2232
1086
339
1350
640
1013
3114
275
328
925
943
1682
2602
1556
982
448
1802
454
1197
2604
1844
1153
1349
1479
143
2680
1544
3406
3459
360
410
171
889
207
3296
1775
1321
1503
841
3765
2250
425
2136
1695
1909
1676
3855
2532
2875
4295
1690
1342
1102
1883
300
1729
197
2147
2893
2241
294
590
2256
1255
2784
2588
2790
2602
569
1746
1280
1601
2328
1837
3341
3122
1477
3873
1521
1088
236
1658
1279
1047
4368
2448
318
3058
1352
1255
547
1935
2204
31
256
3148
1388
645
3822
1463
233
2234
1161
3989
1850
484
3342
969
3221
2946
3231
1130
1307
4554
4177
380
5007
1011
1601
105
3259
1964
256
2516
410
1943
883
1733
572
573
2109
1736
895
1299
830
1070
1673
3344
3333
2788
1410
1940
255
906
1903
463
351
3537
1400
1149
2679
909
219
1719
1637
3965
3991
2162
337
1212
424
909
2138
4825
3869
99
4395
1510
505
2844
213
3413
2566
3645
142
1654
1861
1284
3950
1605
4249
4267
834
958
193
900
860
1695
1097
1067
1875
2374
2876
3940
236
2893
2762
1207
839
1870
1677
3213
839
2200
1128
1152
809
1438
4068
1673
1070
629
1067
822
949
3524
2353
1524
3476
3122
467
1213
584
4002
1369
2876
645
2987
4498
4301
3526
1586
1789
1037
2188
3148
2971
1122
1518
3574
1446
4487
790
372
1967
3534
245
1706
2356
2805
1281
4270
298
1891
2724
1268
302
2833
4198
3908
53
1706
819
3294
1150
546
1662
1654
1378
793
3509
1674
1924
704
1299
2978
1989
87
1236
1140
2501
824
328
2617
3310
1178
270
170
2893
200
1463
1635
395
2642
2809
3027
727
2208
1329
2779
3255
1012
1560
3720
1708
615
4173
248
1666
2957
581
1124
733
563
924
4098
596
1351
2020
2648
2930
1246
463
410
469
4554
1227
1057
2646
1057
2266
3572
1335
1303
109
675
1785
373
1559
457
3229
1954
2341
697
118
2465
255
1382
2842
2285
1706
143
1962
62
88
4279
2657
1025
2248
3357
152
2615
3759
2730
304
3992
1909
632
1480
1546
4543
774
28
611
256
2581
142
2530
282
138
1082
618
1373
746
44
2168
1923
1477
287
1388
4190
3370
1579
1868
1003
1981
1520
549
3104
887
1096
184
4231
1927
1232
2090
3442
1719
728
1072
1350
2880
883
1254
2136
248
3640
1298
3357
2220
2842
3562
1429
2356
1324
553
1319
233
1412
3469
1778
2947
1611
1827
4674
1030
1075
2557
3470
2207
2354
1520
579
939
1842
2099
1262
3603
1576
1204
3989
2069
3309
2603
3453
1071
655
2497
2093
341
2493
448
5063
1340
711
3624
3200
610
215
3476
1850
2127
3082
1555
1998
2154
405
1420
472
3234
2725
4463
203
2612
46
313
3787
477
761
507
1455
1185
1740
865
1067
461
4309
1236
1481
1477
311
563
1655
318
2369
782
2567
1222
1554
1867
77
2603
1181
1010
2666
175
2863
99
2293
183
2806
420
3950
1960
3302
379
1686
1703
2353
1124
4411
980
581
4458
1059
726
1883
989
2228
2053
640
3211
4738
1312
2510
91
222
3418
2616
449
641
728
2160
2165
1459
3273
2354
3079
1858
840
1104
99
3670
1210
2593
739
3461
1022
2596
294
4298
4098
620
3041
664
1047
840
1286
3089
3071
1780
647
2530
2950
1969
1827
4791
3787
3116
1238
324
639
172
842
1195
924
73
937
3495
335
414
554
3065
3129
2303
509
128
3171
618
2171
2380
1429
611
232
2160
3302
331
2833
382
1124
336
424
355
1674
1470
2139
1421
142
1762
1386
2120
534
1236
534
851
685
3770
1092
502
2135
1637
1090
1637
3981
2312
2902
3174
3208
3051
1287
2451
572
1007
1703
1530
281
4323
2221
2367
821
1307
1009
3193
1822
203
3733
1257
1733
2680
544
847
2275
4463
2331
154
960
430
3855
839
4364
2519
1661
1785
3114
1477
970
584
3421
1507
96
3409
1897
2964
1107
3157
3523
2355
1383
969
1808
1237
300
2861
2173
51
74
724
1673
1772
795
132
1744
3026
1088
1858
3171
376
913
239
779
3720
352
2567
3252
2493
2362
1474
3603
3569
622
1542
457
2879
1930
589
85
620
1799
169
2231
1246
1321
675
3213
1926
2143
524
1028
2489
2035
2042
2530
700
980
599
213
61
1544
3223
807
2796
3713
295
2443
1212
254
2160
416
2400
4147
2775
519
135
615
836
4322
3227
764
2588
3243
3257
1658
2029
1235
2269
836
879
2092
1844
2852
3711
2572
1943
2175
3050
2672
2090
2525
1031
2167
2164
119
3079
754
3038
3208
639
2663
3485
763
3492
73
1677
1296
4461
1981
2354
1197
158
2136
564
319
606
1410
4370
4505
2016
463
1113
956
1110
1605
2037
3255
4366
400
3718
371
1155
887
2759
270
1392
767
3461
2875
2644
4844
2489
1356
2498
792
2138
1433
1802
1507
2616
4189
847
680
2228
456
203
2687
2833
836
2228
1868
1203
2375
1410
2921
1445
1037
286
623
1991
413
1274
3879
1901
2594
133
914
4108
353
149
1766
44
2148
1274
410
1238
4199
4019
3479
1540
1213
2120
262
1605
467
721
2258
2729
1244
3319
1406
1978
3221
880
1410
1196
2603
4595
2416
1901
154
42
1053
1197
1565
1219
3734
2006
1113
1795
462
3348
3407
2805
2650
2237
3971
1494
2552
2314
2951
1524
2220
1619
3890
1546
918
604
119
714
676
187
570
1432
2875
1909
234
424
4249
2037
1851
4300
779
2528
1730
4151
2571
3398
623
2363
309
3213
174
3089
1578
1648
2679
1435
1772
2827
2581
1576
4177
381
1031
2033
1380
1687
2719
3610
2442
2595
3334
438
212
122
2117
1388
830
1280
2806
4606
3421
887
960
3266
3027
694
652
251
558
1181
1422
956
774
708
1633
4350
3065
2057
2322
1902
529
2588
3294
1826
331
1284
3159
730
1969
4400
3041
2115
2173
1632
70
1103
347
2289
1400
2011
177
2745
207
2079
1307
4811
2465
2665
4548
3019
1244
1913
184
875
1669
63
1482
3080
151
412
3227
1195
3054
3482
2702
374
795
3418
1615
262
2804
175
70
2382
205
111
1907
3957
215
611
909
143
1706
1540
707
1832
92
3147
4322
1542
2559
4934
361
1120
1471
1850
569
2935
2576
1172
3569
1261
618
1109
615
2203
448
2268
2700
647
2769
3949
469
1775
152
2914
2232
2458
2120
1808
1298
190
3452
2225
1969
4125
1010
4324
680
2980
1278
375
327
2069
2509
1834
4286
4836
1378
1676
3318
1185
1542
1307
2224
1601
1854
467
1692
4251
1635
3942
1935
284
2115
3487
2592
1067
1002
2818
1299
2839
2702
4068
3726
2040
876
152
810
3427
3890
3390
102
423
484
1909
4461
4159
1723
235
3504
304
3160
2337
4552
1144
730
1469
1963
1319
3169
88
2023
1802
3502
864
1507
3509
2786
2946
927
1881
2501
141
1477
1266
528
2216
1629
1736
2516
3683
2269
395
3928
1848
603
1554
4489
3089
250
101
1075
3280
2069
1195
574
2142
2946
748
2054
2378
3304
4762
1568
47
227
3949
1193
2163
260
71
1729
141
461
666
790
2960
887
1057
1287
1964
714
4233
1701
1389
2676
641
509
627
3261
1393
755
623
412
3627
3097
698
71
336
1070
1099
61
981
829
1587
245
1817
4835
591
1261
2410
4293
2369
751
141
3089
551
1522
1814
1406
2592
1984
4173
2068
1056
3735
2809
1686
3331
3622
4268
3946
299
4301
2604
3469
1057
2999
2256
5010
2399
2424
232
2085
865
1967
1723
1054
523
3366
978
950
2158
1768
399
1386
3135
306
1178
3374
456
1572
1188
883
3934
1548
1940
1517
4530
4555
1068
1541
305
1546
1549
374
2330
949
2879
3544
4835
409
1910
2456
4298
553
4868
1469
1213
43
1669
851
1231
2902
1181
4473
1808
405
1090
1426
1125
2319
2331
1968
362
1193
284
3056
4507
2395
3726
1581
1502
491
1072
2595
1963
1266
288
453
2331
149
734
1292
4012
2388
502
2900
516
2960
4507
1883
2358
1950
2058
4249
2727
109
2708
1228
1905
993
47
2772
828
58
1497
3309
1693
3039
1296
1607
1926
2181
1164
1106
557
360
534
4475
2935
381
3726
967
2417
2248
638
229
456
39
187
1801
2671
1268
3062
600
1735
647
2759
2383
1296
3173
2671
4914
883
652
1666
140
1609
3613
1197
1779
1438
2333
55
3618
960
1831
1202
4825
1256
129
1299
2302
3713
1679
197
3549
1631
2445
3027
1492
892
2211
3408
2612
1860
3085
2918
400
122
31
523
130
1909
4406
1054
639
1016
653
4692
965
1796
3008
698
402
939
451
1966
302
4151
1964
348
409
4199
359
2233
4739
989
1717
1164
3352
1781
3021
880
2276
4359
534
879
2885
1762
51
514
1638
1398
807
3685
2790
840
2020
3155
2501
3406
546
1069
825
2728
410
1509
576
1172
981
3965
350
1572
1831
426
855
1411
229
1360
2322
773
568
988
210
1903
557
1540
2865
793
4383
558
1989
1374
1069
2032
4210
619
2288
2804
1043
1487
1213
3831
487
1054
3155
3658
1694
4173
570
989
1690
1318
1827
1090
4692
1228
325
3157
654
2899
1694
1071
3432
1801
416
387
89
1560
1869
2971
4844
2195
3279
4047
2980
1633
3645
2516
3622
2329
722
4552
996
1256
167
4627
2850
662
600
1031
1273
77
416
1147
2015
2879
70
219
288
456
4548
3928
3603
591
1236
2566
1911
2333
170
1706
602
1424
2362
218
4453
2103
197
3747
912
230
629
1096
201
34
3122
2135
1402
2456
174
329
4489
243
939
3224
1341
1694
730
925
1966
3981
286
2589
188
72
1009
79
1070
1779
1581
2314
742
1113
2171
1388
4196
1130
902
1831
641
3583
1562
1459
1780
2583
3910
980
1541
968
3932
1609
4151
1680
4199
2663
350
1525
132
556
357
1834
53
1432
234
3171
1690
709
1412
4963
1648
1772
1525
713
1624
596
937
259
2550
1601
623
362
2822
996
1968
2362
507
481
2616
2686
950
2338
2893
2511
924
1339
1607
440
3957
171
327
2317
199
330
2745
329
245
318
3812
47
2650
1323
485
1623
2709
3036
3950
2586
274
940
646
1825
538
1393
2069
443
124
555
1475
1010
1296
1573
3406
662
1834
568
1578
3311
3156
2616
639
3343
1931
1776
1769
1870
4463
363
2574
3114
2079
2993
3088
3122
1506
3169
3219
1960
1766
2019
70
2586
2728
1638
877
102
3736
502
631
132
507
453
1187
38
1983
1548
81
1998
541
47
949
2761
1072
2693
1106
1383
3410
185
988
2518
2850
1333
203
2204
403
602
996
1594
2480
2306
1068
448
3590
5065
1420
885
3138
2481
882
1534
2161
1086
3239
63
1242
133
160
2076
4293
1989
1477
3078
2431
142
1968
4370
2490
3234
457
1760
481
615
1037
1471
2948
2460
381
2162
438
1492
360
1586
2948
4654
139
4189
2879
1984
3038
2002
4458
1236
1232
1687
1656
2119
133
989
2284
2231
1526
5033
1463
2400
566
462
3895
1860
1996
2178
1738
640
2106
1202
3487
838
4836
3992
1981
3025
295
2631
14
374
2383
3246
3950
1988
2655
2076
3038
672
4251
569
454
1700
2435
3640
3344
2153
658
3417
547
2790
3320
1544
3072
883
1198
950
2694
1130
1164
1261
2362
819
3685
1133
3413
1575
353
1943
1373
348
934
313
608
3437
149
2539
3125
363
2732
457
3492
1491
272
3545
124
368
3800
1222
1963
1447
4478
1565
1896
50
4411
3089
85
1478
1410
2302
3027
1989
1026
2504
2150
1256
3851
405
1974
1453
405
2700
2399
3398
4051
1750
2730
2229
3718
3018
707
726
746
4098
1880
2291
1870
2411
2074
2083
1398
1406
1031
2489
272
466
2805
359
1935
151
1479
3603
734
1278
128
2223
1440
300
4762
280
501
677
519
941
2098
531
1534
509
352
3200
3356
1422
3646
174
589
317
1393
3645
1487
489
1600
2331
761
2778
514
2993
3852
28
762
527
3290
130
1788
468
892
3869
713
4560
779
86
1168
267
3754
282
1870
2616
2408
2757
3646
1339
1074
1827
670
3452
370
725
241
461
3231
1096
3719
251
2615
1174
498
664
357
1578
2284
1013
568
2284
1121
485
1768
1311
538
632
1153
97
754
2805
1009
3023
2094
3943
1747
1616
2761
2173
3551
2921
2520
3357
179
1160
3216
325
201
3950
1368
1322
2058
2293
1274
328
1534
3216
3089
2560
1213
708
347
461
701
3333
1828
2104
1981
836
3467
1742
1844
1829
1995
651
3072
3422
762
622
1181
351
1568
2235
403
2224
1534
2879
1961
768
1470
926
2135
1389
1373
2458
3673
542
666
118
3641
713
971
1238
1352
1951
1844
688
1079
175
939
91
143
1841
1424
825
1829
895
4344
2445
2053
3427
114
300
4356
530
2501
1800
5007
4222
152
1279
486
810
3532
1006
1950
2941
3142
1122
1530
1393
1193
151
512
3050
778
2770
1678
2644
2900
4519
2196
302
758
61
4199
2890
175
336
1198
2094
2050
519
2847
4356
992
502
2347
2752
2746
3540
598
742
1824
1426
623
1997
1555
1776
4392
1836
406
1956
527
2937
1546
2719
1173
1679
1199
1769
3150
1619
2342
2709
875
2516
4619
1156
3782
55
3151
1393
2740
1903
2619
197
3028
1926
698
320
471
3800
388
141
4005
670
949
785
1026
405
209
1043
2069
1156
1255
4050
742
4473
73
2195
1719
819
448
2910
3437
611
2476
